2 0.877028 0.541182 0.0705505 0.196638
0 0.963551 0.526402 0.07225 0.189696
1 0.790904 0.550586 0.0717169 0.194713
2 0.697326 0.472773 0.0745369 0.189934
2 0.636742 0.47036 0.0749125 0.191692
0 0.71986 0.453573 0.0750988 0.186253
1 0.557742 0.485253 0.0688717 0.191154
2 0.565353 0.469795 0.0752977 0.195431
0 0.645631 0.449017 0.075663 0.194503
1 0.485706 0.485249 0.0705299 0.1911
2 0.672184 0.390661 0.0652355 0.179382
1 0.59125 0.399753 0.0578293 0.172864
0 0.746585 0.378206 0.0624362 0.172952
2 0.69075 0.380763 0.0629973 0.174067
1 0.613557 0.392757 0.0611925 0.174022
0 0.76494 0.366948 0.0660284 0.17124
2 0.6994 0.391814 0.0668524 0.177691
0 0.772642 0.379841 0.0635426 0.172534
1 0.618904 0.403011 0.0586668 0.176886
0 0.705355 0.428814 0.0827587 0.247903
0 0.699143 0.433428 0.084646 0.262001
0 0.688265 0.428513 0.0844057 0.2675
0 0.709546 0.427571 0.0834385 0.266567
0 0.719738 0.436481 0.077272 0.262301
0 0.724092 0.42345 0.0842481 0.284584
0 0.711796 0.370144 0.087221 0.280046
